57 0.65464 -0.325624 0.682214 0.469477 0.0268032 0 1 0
57 -0.65464 0.325624 -0.682214 -13.2892 26.1558 1 0 0
63 0.280915 -0.924201 -0.258725 0.850844 0.000246924 0 1 0
63 -0.280915 0.924201 0.258725 0.258536 0.00381053 1 0 0
102 0.545251 0.588606 0.596862 0.725218 0.00108822 0 1 0
102 -0.545251 -0.588606 -0.596862 -3.58411 0.300242 1 0 0
125 -0.65689 0.391889 0.644142 0.347404 0.0179693 0 1 0
125 0.65689 -0.391889 -0.644142 -7.58238 3.94417 1 0 0
558 0.654854 0.665724 0.357741 0.249325 0.0223564 0 1 0
558 -0.654854 -0.665724 -0.357741 -10.1707 4.80714 1 0 0
937 -0.431755 0.108906 0.895392 0.81777 0.000458603 0 1 0
937 0.431755 -0.108906 -0.895392 -2.29747 0.167959 1 0 0
963 -0.656844 -0.212124 0.723574 0.980967 2.15049e-06 0 1 0
963 0.656844 0.212124 -0.723574 -0.0814906 0.00373994 1 0 0
977 -0.562125 0.0953554 0.821537 0.907563 0.00100847 0 1 0
977 0.562125 -0.0953554 -0.821537 -0.256025 0.0263783 1 0 0
1063 -0.0541379 -0.420572 -0.905643 -0.282955 0.0249344 0 1 0
1063 0.0541379 0.420572 0.905643 -1.79856 0.131529 1 0 0
1142 0.183625 0.804512 0.564838 0.538675 0.0173773 0 1 0
1142 -0.183625 -0.804512 -0.564838 -20.9962 47.6372 1 0 0
1552 -0.538417 -0.0230353 0.842364 -0.536982 0.0422138 0 1 0
1148670 -0.469307 0.0824475 -0.879177 -2.2193 0.682445 0 1 0
1148670 0.469307 -0.0824475 0.879177 -4.08787 1.96685 1 0 0
1149401 0.85666 0.183138 0.482281 -2.33265 5.62116 0 1 0
1149401 -0.85666 -0.183138 -0.482281 -39.9136 1268.82 1 0 0
1149573 -0.47315 0.121797 -0.872522 -5.92154 7.58828 0 1 0
1149573 0.47315 -0.121797 0.872522 -7.59811 12.4405 1 0 0
1149852 0.218245 0.943809 0.248182 -4.88343 6.82269 0 1 0
1149852 -0.218245 -0.943809 -0.248182 -10.0596 19.008 1 0 0
1150019 0.431012 -0.794129 -0.428471 -0.282423 0.0983069 0 1 0
1150019 -0.431012 0.794129 0.428471 -11.8535 13.3344 1 0 0
1150366 0.491743 0.512767 0.703746 -6.61664 9.525 0 1 0
1150366 -0.491743 -0.512767 -0.703746 -15.4555 39.4973 1 0 0
1150658 0.885534 -0.0276498 0.463752 -9.36542 45.4871 0 1 0
1150658 -0.885534 0.0276498 -0.463752 -22.3816 281.874 1 0 0
1151655 -0.168827 0.12327 -0.977907 -0.276216 0.0367844 0 1 0