49 -0.811168 0.181017 0.556093 0.584757 0.000907008 0 1 0
49 0.811168 -0.181017 -0.556093 -1.29465 0.0250343 1 0 0
88 -0.289721 0.0684165 0.954663 0.682058 0.00067452 0 1 0
88 0.289721 -0.0684165 -0.954663 -2.38067 0.0681948 1 0 0
124 -0.308546 0.858289 -0.410049 -0.495567 0.0138356 0 1 0
124 0.308546 -0.858289 0.410049 -0.456997 0.013129 1 0 0
214 -0.585913 0.216971 0.780788 -0.211953 0.00930652 0 1 0
214 0.585913 -0.216971 -0.780788 -0.836963 0.0214019 1 0 0
240 -0.560488 -0.29978 0.772001 0.721097 0.000588051 0 1 0.295625
325 0.282984 0.901565 -0.327264 -0.168435 0.00419029 0 1 0
325 -0.282984 -0.901565 0.327264 0.644632 0.000458466 1 0 0
380 0.952252 -0.0916395 0.291236 -0.214368 0.0089089 0 1 0
380 -0.952252 0.0916395 -0.291236 -0.690904 0.0172852 1 0 0
457 0.249845 -0.232072 -0.940064 -0.814664 0.00743467 0 1 0
457 -0.249845 0.232072 0.940064 0.963354 5.77754e-06 1 0 0
549 -0.600624 0.601294 0.526969 0.824751 0.000287918 0 1 0
549 0.600624 -0.601294 -0.526969 -4.86118 0.315735 1 0 0
564 -0.615011 0.545446 -0.56943 0.968401 8.2931e-05 2 1 2.84827
699 0.640052 0.0389721 0.767342 0.235831 0.00293725 0 1 0
699 -0.640052 -0.0389721 -0.767342 -0.620495 0.0126375 1 0 0
707 -0.194671 -0.445629 0.873795 0.873075 0.000313067 0 1 0
707 0.194671 0.445629 -0.873795 -10.4661 2.80695 1 0 0
740 0.757706 0.609968 0.231991 -0.949691 0.0189281 0 1 0
740 -0.757706 -0.609968 -0.231991 0.364022 0.00210308 1 0 0
769 -0.484773 0.873186 0.0504189 0.62938 0.000813615 0 1 0
769 0.484773 -0.873186 -0.0504189 0.597244 0.000897781 1 0 0
854 -0.199855 -0.238192 0.950433 0.166361 0.00784405 0 1 0
854 0.199855 0.238192 -0.950433 -4.32897 0.370309 1 0 0
1055 -0.857613 0.0636555 -0.510341 -0.614384 0.00466752 0 1 0
1055 0.857613 -0.0636555 0.510341 0.989676 7.87409e-07 1 0 0
1112 0.113462 0.790073 -0.602421 -0.590127 0.00709946 0 1 0
1112 -0.113462 -0.790073 0.602421 0.842422 0.000103102 1 0 0
1325 -0.299845 0.815572 -0.49491 0.800538 0.000145107 2 0 2.56271
1329 0.418069 0.344048 0.840743 0.922296 2.92013e-05 0 1 0
1329 -0.418069 -0.344048 -0.840743 0.8032 0.000123732 1 0 0
1346 0.161002 0.821628 0.546815 0.626394 0.000331119 0 1 0
1346 -0.161002 -0.821628 -0.546815 0.963253 8.7658e-06 1 0 0
1430 0.038401 -0.866664 0.497412 0.494448 0.000974003 0 1 0.458286
1444 0.69651 0.261509 0.668197 0.652813 0.000436353 0 1 0
1444 -0.69651 -0.261509 -0.668197 -0.0711514 0.00339929 1 0 0
1535 -0.398176 -0.917287 -0.00630123 0.0673683 0.00458668 0 1 0
1535 0.398176 0.917287 0.00630123 -0.423151 0.0101102 1 0 0
1559 -0.117737 0.889836 0.440828 0.428014 0.00108248 0 1 0
1559 0.117737 -0.889836 -0.440828 0.229411 0.00187588 1 0 0
1592 0.106417 -0.468024 0.877285 -16.6688 14.308 0 1 0
1592 -0.106417 0.468024 -0.877285 0.76346 0.00210683 1 0 0